s185-b3096-a4 1900 1950 185 5 16 27 0 30 1900 50 30 9 0.5 0 1 -1 -1 -1 -1 -1 -1 0 1 0 15 0.15 0.04 0 0 1000000 120 5 1 0.33 0 5401 3
s185-b3092-a0 1850 1900 185 5 16 23 0 30 1850 50 30 9 0.5 0 1 -1 -1 -1 -1 -1 -1 0 1 0 15 0.15 0.04 0 0 1000000 120 5 0 0.33 0 5401 3
s185-b6447-a0 1850 1900 185 16 16 23 0 30 1850 50 30 9 0.5 0 1 -1 -1 -1 -1 -1 -1 0 1 0 15 0.15 0.04 0 0 1000000 120 5 0 0.33 0 5401 3
s185-b3085-a0 1800 1850 185 5 16 16 0 30 1800 50 30 9 0.5 0 1 -1 -1 -1 -1 -1 -1 0 1 0 15 0.15 0.04 0 0 1000000 120 5 0 0.33 0 5401 3
s185-b3096-a0 1650 1700 185 5 16 27 0 30 1650 50 30 9 0.5 0 1 -1 -1 -1 -1 -1 -1 0 1 0 15 0.15 0.04 0 0 1000000 120 5 0 0.33 0 5401 3
s185-b6556-a4 1600 1650 185 16 23 27 0 30 1600 50 30 9 0.5 0 1 -1 -1 -1 -1 -1 -1 0 1 0 15 0.15 0.04 0 0 1000000 120 5 1 0.33 0 5401 3
s185-b6567-a4 1600 1650 185 16 24 27 0 30 1600 50 30 9 0.5 0 1 -1 -1 -1 -1 -1 -1 0 1 0 15 0.15 0.04 0 0 1000000 120 5 1 0.33 0 5401 3
s185-b3212-a4 1500 1550 185 5 24 27 0 30 1500 50 30 9 0.5 0 1 -1 -1 -1 -1 -1 -1 0 1 0 15 0.15 0.04 0 0 1000000 120 5 1 0.33 0 5401 3
s185-b6567-a0 1450 1500 185 16 24 27 0 30 1450 50 30 9 0.5 0 1 -1 -1 -1 -1 -1 -1 0 1 0 15 0.15 0.04 0 0 1000000 120 5 0 0.33 0 5401 3
s185-b3212-a0 1400 1450 185 5 24 27 0 30 1400 50 30 9 0.5 0 1 -1 -1 -1 -1 -1 -1 0 1 0 15 0.15 0.04 0 0 1000000 120 5 0 0.33 0 5401 3
s185-b6556-a0 1400 1450 185 16 23 27 0 30 1400 50 30 9 0.5 0 1 -1 -1 -1 -1 -1 -1 0 1 0 15 0.15 0.04 0 0 1000000 120 5 0 0.33 0 5401 3
s185-b6600-a4 1400 1450 185 16 27 33 0 30 1400 50 30 9 0.5 0 1 -1 -1 -1 -1 -1 -1 0 1 0 15 0.15 0.04 0 0 1000000 120 5 1 0.33 0 5401 3
s185-b3239-a0 1350 1400 185 5 27 27 0 30 1350 50 30 9 0.5 0 1 -1 -1 -1 -1 -1 -1 0 1 0 15 0.15 0.04 0 0 1000000 120 5 0 0.33 0 5401 3
s185-b3245-a4 1300 1350 185 5 27 33 0 30 1300 50 30 9 0.5 0 1 -1 -1 -1 -1 -1 -1 0 1 0 15 0.15 0.04 0 0 1000000 120 5 1 0.33 0 5401 3
s185-b6594-a0 1300 1350 185 16 27 27 0 30 1300 50 30 9 0.5 0 1 -1 -1 -1 -1 -1 -1 0 1 0 15 0.15 0.04 0 0 1000000 120 5 0 0.33 0 5401 3
s185-b3245-a0 1250 1300 185 5 27 33 0 30 1250 50 30 9 0.5 0 1 -1 -1 -1 -1 -1 -1 0 1 0 15 0.15 0.04 0 0 1000000 120 5 0 0.33 0 5401 3
s185-b6600-a0 1250 1300 185 16 27 33 0 30 1250 50 30 9 0.5 0 1 -1 -1 -1 -1 -1 -1 0 1 0 15 0.15 0.04 0 0 1000000 120 5 0 0.33 0 5401 3
s185-b7421-a4 1250 1300 185 23 24 27 0 30 1250 50 30 9 0.5 0 1 -1 -1 -1 -1 -1 -1 0 1 0 15 0.15 0.04 0 0 1000000 120 5 1 0.33 0 5401 3
s185-b7517-a4 1250 1300 185 24 27 30 0 30 1250 50 30 9 0.5 0 1 -1 -1 -1 -1 -1 -1 0 1 0 15 0.15 0.04 0 0 1000000 120 5 1 0.33 0 5401 3
s185-b7343-a4 1200 1250 185 22 24 27 0 30 1200 50 30 9 0.5 0 1 -1 -1 -1 -1 -1 -1 0 1 0 15 0.15 0.04 0 0 1000000 120 5 1 0.33 0 5401 3
s185-b7516-a4 1200 1250 185 24 27 29 0 30 1200 50 30 9 0.5 0 1 -1 -1 -1 -1 -1 -1 0 1 0 15 0.15 0.04 0 0 1000000 120 5 1 0.33 0 5401 3
s185-b7520-a4 1200 1250 185 24 27 33 0 30 1200 50 30 9 0.5 0 1 -1 -1 -1 -1 -1 -1 0 1 0 15 0.15 0.04 0 0 1000000 120 5 1 0.33 0 5401 3
s185-b7373-a4 1150 1200 185 22 27 30 0 30 1150 50 30 9 0.5 0 1 -1 -1 -1 -1 -1 -1 0 1 0 15 0.15 0.04 0 0 1000000 120 5 1 0.33 0 5401 3
s185-b7506-a4 1150 1200 185 24 26 27 0 30 1150 50 30 9 0.5 0 1 -1 -1 -1 -1 -1 -1 0 1 0 15 0.15 0.04 0 0 1000000 120 5 1 0.33 0 5401 3
s185-b7517-a0 1150 1200 185 24 27 30 0 30 1150 50 30 9 0.5 0 1 -1 -1 -1 -1 -1 -1 0 1 0 15 0.15 0.04 0 0 1000000 120 5 0 0.33 0 5401 3
s185-b7666-a4 1150 1200 185 27 29 30 0 30 1150 50 30 9 0.5 0 1 -1 -1 -1 -1 -1 -1 0 1 0 15 0.15 0.04 0 0 1000000 120 5 1 0.33 0 5401 3
s185-b7671-a4 1150 1200 185 27 30 30 0 30 1150 50 30 9 0.5 0 1 -1 -1 -1 -1 -1 -1 0 1 0 15 0.15 0.04 0 0 1000000 120 5 1 0.33 0 5401 3
s185-b7343-a0 1100 1150 185 22 24 27 0 30 1100 50 30 9 0.5 0 1 -1 -1 -1 -1 -1 -1 0 1 0 15 0.15 0.04 0 0 1000000 120 5 0 0.33 0 5401 3
s185-b7376-a4 1100 1150 185 22 27 33 0 30 1100 50 30 9 0.5 0 1 -1 -1 -1 -1 -1 -1 0 1 0 15 0.15 0.04 0 0 1000000 120 5 1 0.33 0 5401 3
s185-b7421-a0 1100 1150 185 23 24 27 0 30 1100 50 30 9 0.5 0 1 -1 -1 -1 -1 -1 -1 0 1 0 15 0.15 0.04 0 0 1000000 120 5 0 0.33 0 5401 3
s185-b7520-a0 1100 1150 185 24 27 33 0 30 1100 50 30 9 0.5 0 1 -1 -1 -1 -1 -1 -1 0 1 0 15 0.15 0.04 0 0 1000000 120 5 0 0.33 0 5401 3
s185-b7538-a0 1100 1150 185 24 30 33 0 30 1100 50 30 9 0.5 0 1 -1 -1 -1 -1 -1 -1 0 1 0 15 0.15 0.04 0 0 1000000 120 5 0 0.33 0 5401 3
s185-b7674-a4 1100 1150 185 27 30 33 0 30 1100 50 30 9 0.5 0 1 -1 -1 -1 -1 -1 -1 0 1 0 15 0.15 0.04 0 0 1000000 120 5 1 0.33 0 5401 3
s185-b7349-a0 1050 1100 185 22 24 33 0 30 1050 50 30 9 0.5 0 1 -1 -1 -1 -1 -1 -1 0 1 0 15 0.15 0.04 0 0 1000000 120 5 0 0.33 0 5401 3
s185-b7372-a4 1050 1100 185 22 27 29 0 30 1050 50 30 9 0.5 0 1 -1 -1 -1 -1 -1 -1 0 1 0 15 0.15 0.04 0 0 1000000 120 5 1 0.33 0 5401 3
s185-b7454-a4 1050 1100 185 23 27 33 0 30 1050 50 30 9 0.5 0 1 -1 -1 -1 -1 -1 -1 0 1 0 15 0.15 0.04 0 0 1000000 120 5 1 0.33 0 5401 3
s185-b7514-a0 1050 1100 185 24 27 27 0 30 1050 50 30 9 0.5 0 1 -1 -1 -1 -1 -1 -1 0 1 0 15 0.15 0.04 0 0 1000000 120 5 0 0.33 0 5401 3
s185-b7516-a0 1050 1100 185 24 27 29 0 30 1050 50 30 9 0.5 0 1 -1 -1 -1 -1 -1 -1 0 1 0 15 0.15 0.04 0 0 1000000 120 5 0 0.33 0 5401 3
s185-b7617-a4 1050 1100 185 26 27 30 0 30 1050 50 30 9 0.5 0 1 -1 -1 -1 -1 -1 -1 0 1 0 15 0.15 0.04 0 0 1000000 120 5 1 0.33 0 5401 3
s185-b7653-a0 1050 1100 185 27 27 30 0 30 1050 50 30 9 0.5 0 1 -1 -1 -1 -1 -1 -1 0 1 0 15 0.15 0.04 0 0 1000000 120 5 0 0.33 0 5401 3
s185-b7669-a4 1050 1100 185 27 29 33 0 30 1050 50 30 9 0.5 0 1 -1 -1 -1 -1 -1 -1 0 1 0 15 0.15 0.04 0 0 1000000 120 5 1 0.33 0 5401 3
s185-b7671-a0 1050 1100 185 27 30 30 0 30 1050 50 30 9 0.5 0 1 -1 -1 -1 -1 -1 -1 0 1 0 15 0.15 0.04 0 0 1000000 120 5 0 0.33 0 5401 3
s185-b7370-a0 1000 1050 185 22 27 27 0 30 1000 50 30 9 0.5 0 1 -1 -1 -1 -1 -1 -1 0 1 0 15 0.15 0.04 0 0 1000000 120 5 0 0.33 0 5401 3
s185-b7373-a0 1000 1050 185 22 27 30 0 30 1000 50 30 9 0.5 0 1 -1 -1 -1 -1 -1 -1 0 1 0 15 0.15 0.04 0 0 1000000 120 5 0 0.33 0 5401 3
s185-b7506-a0 1000 1050 185 24 26 27 0 30 1000 50 30 9 0.5 0 1 -1 -1 -1 -1 -1 -1 0 1 0 15 0.15 0.04 0 0 1000000 120 5 0 0.33 0 5401 3
s185-b7509-a0 1000 1050 185 24 26 30 0 30 1000 50 30 9 0.5 0 1 -1 -1 -1 -1 -1 -1 0 1 0 15 0.15 0.04 0 0 1000000 120 5 0 0.33 0 5401 3
s185-b7533-a0 1000 1050 185 24 29 33 0 30 1000 50 30 9 0.5 0 1 -1 -1 -1 -1 -1 -1 0 1 0 15 0.15 0.04 0 0 1000000 120 5 0 0.33 0 5401 3
s185-b7620-a4 1000 1050 185 26 27 33 0 30 1000 50 30 9 0.5 0 1 -1 -1 -1 -1 -1 -1 0 1 0 15 0.15 0.04 0 0 1000000 120 5 1 0.33 0 5401 3
s185-b7666-a0 1000 1050 185 27 29 30 0 30 1000 50 30 9 0.5 0 1 -1 -1 -1 -1 -1 -1 0 1 0 15 0.15 0.04 0 0 1000000 120 5 0 0.33 0 5401 3
s185-b7674-a0 1000 1050 185 27 30 33 0 30 1000 50 30 9 0.5 0 1 -1 -1 -1 -1 -1 -1 0 1 0 15 0.15 0.04 0 0 1000000 120 5 0 0.33 0 5401 3
s185-b7683-a4 1000 1050 185 27 33 33 0 30 1000 50 30 9 0.5 0 1 -1 -1 -1 -1 -1 -1 0 1 0 15 0.15 0.04 0 0 1000000 120 5 1 0.33 0 5401 3
s185-b7723-a0 1000 1050 185 29 30 33 0 30 1000 50 30 9 0.5 0 1 -1 -1 -1 -1 -1 -1 0 1 0 15 0.15 0.04 0 0 1000000 120 5 0 0.33 0 5401 3
s185-b7372-a0 950 1000 185 22 27 29 0 30 950 50 30 9 0.5 0 1 -1 -1 -1 -1 -1 -1 0 1 0 15 0.15 0.04 0 0 1000000 120 5 0 0.33 0 5401 3
s185-b7376-a0 950 1000 185 22 27 33 0 30 950 50 30 9 0.5 0 1 -1 -1 -1 -1 -1 -1 0 1 0 15 0.15 0.04 0 0 1000000 120 5 0 0.33 0 5401 3
s185-b7454-a0 950 1000 185 23 27 33 0 30 950 50 30 9 0.5 0 1 -1 -1 -1 -1 -1 -1 0 1 0 15 0.15 0.04 0 0 1000000 120 5 0 0.33 0 5401 3
s185-b7616-a4 950 1000 185 26 27 29 0 30 950 50 30 9 0.5 0 1 -1 -1 -1 -1 -1 -1 0 1 0 15 0.15 0.04 0 0 1000000 120 5 1 0.33 0 5401 3
s185-b7638-a0 950 1000 185 26 30 33 0 30 950 50 30 9 0.5 0 1 -1 -1 -1 -1 -1 -1 0 1 0 15 0.15 0.04 0 0 1000000 120 5 0 0.33 0 5401 3
s185-b7652-a0 950 1000 185 27 27 29 0 30 950 50 30 9 0.5 0 1 -1 -1 -1 -1 -1 -1 0 1 0 15 0.15 0.04 0 0 1000000 120 5 0 0.33 0 5401 3
s185-b7656-a0 950 1000 185 27 27 33 0 30 950 50 30 9 0.5 0 1 -1 -1 -1 -1 -1 -1 0 1 0 15 0.15 0.04 0 0 1000000 120 5 0 0.33 0 5401 3
s185-b7683-a0 950 1000 185 27 33 33 0 30 950 50 30 9 0.5 0 1 -1 -1 -1 -1 -1 -1 0 1 0 15 0.15 0.04 0 0 1000000 120 5 0 0.33 0 5401 3
s185-b7617-a0 900 950 185 26 27 30 0 30 900 50 30 9 0.5 0 1 -1 -1 -1 -1 -1 -1 0 1 0 15 0.15 0.04 0 0 1000000 120 5 0 0.33 0 5401 3
s185-b7669-a0 900 950 185 27 29 33 0 30 900 50 30 9 0.5 0 1 -1 -1 -1 -1 -1 -1 0 1 0 15 0.15 0.04 0 0 1000000 120 5 0 0.33 0 5401 3
s185-b7620-a0 850 900 185 26 27 33 0 30 850 50 30 9 0.5 0 1 -1 -1 -1 -1 -1 -1 0 1 0 15 0.15 0.04 0 0 1000000 120 5 0 0.33 0 5401 3
s185-b7616-a0 800 850 185 26 27 29 0 30 800 50 30 9 0.5 0 1 -1 -1 -1 -1 -1 -1 0 1 0 15 0.15 0.04 0 0 1000000 120 5 0 0.33 0 5401 3
s185-b5097-a0 950 1000 185 10 23 28 0 30 950 50 30 9 0.5 0 1 -1 -1 -1 -1 -1 -1 0 1 0 15 0.15 0.04 0 0 1000000 120 5 0 0.33 0 5401 3
s185-b2022-a0 1000 1050 185 3 11 19 0 30 1000 50 30 9 0.5 0 1 -1 -1 -1 -1 -1 -1 0 1 0 15 0.15 0.04 0 0 1000000 120 5 0 0.33 0 5401 3
s185-b1821-a0 700 750 185 3 4 7 0 30 700 50 30 9 0.5 0 1 -1 -1 -1 -1 -1 -1 0 1 0 15 0.15 0.04 0 0 1000000 120 5 0 0.33 0 5401 3
s185-b6646-a0 1400 1450 185 17 17 33 0 30 1400 50 30 9 0.5 0 1 -1 -1 -1 -1 -1 -1 0 1 0 15 0.15 0.04 0 0 1000000 120 5 0 0.33 0 5401 3
s185-b3647-a4 1150 1200 185 6 24 27 0 30 1150 50 30 9 0.5 0 1 -1 -1 -1 -1 -1 -1 0 1 0 15 0.15 0.04 0 0 1000000 120 5 1 0.33 0 5401 3
s185-b7464-a0 1000 1050 185 23 29 30 0 30 1000 50 30 9 0.5 0 1 -1 -1 -1 -1 -1 -1 0 1 0 15 0.15 0.04 0 0 1000000 120 5 0 0.33 0 5401 3
s185-b6053-a0 950 1000 185 14 16 29 0 30 950 50 30 9 0.5 0 1 -1 -1 -1 -1 -1 -1 0 1 0 15 0.15 0.04 0 0 1000000 120 5 0 0.33 0 5401 3
s185-b1303-a0 1100 1150 185 2 4 17 0 30 1100 50 30 9 0.5 0 1 -1 -1 -1 -1 -1 -1 0 1 0 15 0.15 0.04 0 0 1000000 120 5 0 0.33 0 5401 3
s185-b4098-a0 600 650 185 7 29 32 0 30 600 50 30 9 0.5 0 1 -1 -1 -1 -1 -1 -1 0 1 0 15 0.15 0.04 0 0 1000000 120 5 0 0.33 0 5401 3
s185-b133-a0 600 650 185 0 3 34 0 30 600 50 30 9 0.5 0 1 -1 -1 -1 -1 -1 -1 0 1 0 15 0.15 0.04 0 0 1000000 120 5 0 0.33 0 5401 3
s185-b4570-a0 700 750 185 9 12 13 0 30 700 50 30 9 0.5 0 1 -1 -1 -1 -1 -1 -1 0 1 0 15 0.15 0.04 0 0 1000000 120 5 0 0.33 0 5401 3
s185-b149-a0 650 700 185 0 4 19 0 30 650 50 30 9 0.5 0 1 -1 -1 -1 -1 -1 -1 0 1 0 15 0.15 0.04 0 0 1000000 120 5 0 0.33 0 5401 3
s185-b5308-a0 1150 1200 185 11 17 26 0 30 1150 50 30 9 0.5 0 1 -1 -1 -1 -1 -1 -1 0 1 0 15 0.15 0.04 0 0 1000000 120 5 0 0.33 0 5401 3
s185-b3678-a0 750 800 185 6 27 31 0 30 750 50 30 9 0.5 0 1 -1 -1 -1 -1 -1 -1 0 1 0 15 0.15 0.04 0 0 1000000 120 5 0 0.33 0 5401 3
s185-b3474-a0 850 900 185 6 13 30 0 30 850 50 30 9 0.5 0 1 -1 -1 -1 -1 -1 -1 0 1 0 15 0.15 0.04 0 0 1000000 120 5 0 0.33 0 5401 3
s185-b7045-a0 750 800 185 19 26 26 0 30 750 50 30 9 0.5 0 1 -1 -1 -1 -1 -1 -1 0 1 0 15 0.15 0.04 0 0 1000000 120 5 0 0.33 0 5401 3
s185-b73-a0 700 750 185 0 2 6 0 30 700 50 30 9 0.5 0 1 -1 -1 -1 -1 -1 -1 0 1 0 15 0.15 0.04 0 0 1000000 120 5 0 0.33 0 5401 3
s185-b1721-a0 1200 1250 185 2 24 25 0 30 1200 50 30 9 0.5 0 1 -1 -1 -1 -1 -1 -1 0 1 0 15 0.15 0.04 0 0 1000000 120 5 0 0.33 0 5401 3
s185-b2950-a0 1300 1350 185 5 10 10 0 30 1300 50 30 9 0.5 0 1 -1 -1 -1 -1 -1 -1 0 1 0 15 0.15 0.04 0 0 1000000 120 5 0 0.33 0 5401 3
s185-b7699-a0 950 1000 185 28 30 30 0 30 950 50 30 9 0.5 0 1 -1 -1 -1 -1 -1 -1 0 1 0 15 0.15 0.04 0 0 1000000 120 5 0 0.33 0 5401 3
s185-b3952-a0 950 1000 185 7 17 24 0 30 950 50 30 9 0.5 0 1 -1 -1 -1 -1 -1 -1 0 1 0 15 0.15 0.04 0 0 1000000 120 5 0 0.33 0 5401 3
s185-b6432-a0 900 950 185 15 31 33 0 30 900 50 30 9 0.5 0 1 -1 -1 -1 -1 -1 -1 0 1 0 15 0.15 0.04 0 0 1000000 120 5 0 0.33 0 5401 3
s185-b5019-a0 900 950 185 10 18 20 0 30 900 50 30 9 0.5 0 1 -1 -1 -1 -1 -1 -1 0 1 0 15 0.15 0.04 0 0 1000000 120 5 0 0.33 0 5401 3
s185-b3147-a4 1300 1350 185 5 19 27 0 30 1300 50 30 9 0.5 0 1 -1 -1 -1 -1 -1 -1 0 1 0 15 0.15 0.04 0 0 1000000 120 5 1 0.33 0 5401 3
s185-b3598-a0 750 800 185 6 20 28 0 30 750 50 30 9 0.5 0 1 -1 -1 -1 -1 -1 -1 0 1 0 15 0.15 0.04 0 0 1000000 120 5 0 0.33 0 5401 3
s185-b3607-a0 1000 1050 185 6 21 23 0 30 1000 50 30 9 0.5 0 1 -1 -1 -1 -1 -1 -1 0 1 0 15 0.15 0.04 0 0 1000000 120 5 0 0.33 0 5401 3
s185-b6562-a0 1300 1350 185 16 23 33 0 30 1300 50 30 9 0.5 0 1 -1 -1 -1 -1 -1 -1 0 1 0 15 0.15 0.04 0 0 1000000 120 5 0 0.33 0 5401 3
s185-b7621-a4 800 850 185 26 27 34 0 30 800 50 30 9 0.5 0 1 -1 -1 -1 -1 -1 -1 0 1 0 15 0.15 0.04 0 0 1000000 120 5 1 0.33 0 5401 3
s185-b6891-a4 1200 1250 185 18 24 27 0 30 1200 50 30 9 0.5 0 1 -1 -1 -1 -1 -1 -1 0 1 0 15 0.15 0.04 0 0 1000000 120 5 1 0.33 0 5401 3
s185-b469-a4 1050 1100 185 0 17 27 0 30 1050 50 30 9 0.5 0 1 -1 -1 -1 -1 -1 -1 0 1 0 15 0.15 0.04 0 0 1000000 120 5 1 0.33 0 5401 3
s185-b1191-a0 850 900 185 1 27 29 0 30 850 50 30 9 0.5 0 1 -1 -1 -1 -1 -1 -1 0 1 0 15 0.15 0.04 0 0 1000000 120 5 0 0.33 0 5401 3
s185-b1377-a0 800 850 185 2 6 32 0 30 800 50 30 9 0.5 0 1 -1 -1 -1 -1 -1 -1 0 1 0 15 0.15 0.04 0 0 1000000 120 5 0 0.33 0 5401 3
s185-b4455-a0 600 650 185 8 26 32 0 30 600 50 30 9 0.5 0 1 -1 -1 -1 -1 -1 -1 0 1 0 15 0.15 0.04 0 0 1000000 120 5 0 0.33 0 5401 3
s185-b7066-a0 650 700 185 19 28 32 0 30 650 50 30 9 0.5 0 1 -1 -1 -1 -1 -1 -1 0 1 0 15 0.15 0.04 0 0 1000000 120 5 0 0.33 0 5401 3
s185-b2392-a0 850 900 185 4 6 23 0 30 850 50 30 9 0.5 0 1 -1 -1 -1 -1 -1 -1 0 1 0 15 0.15 0.04 0 0 1000000 120 5 0 0.33 0 5401 3
s185-b4367-a0 650 700 185 8 19 28 0 30 650 50 30 9 0.5 0 1 -1 -1 -1 -1 -1 -1 0 1 0 15 0.15 0.04 0 0 1000000 120 5 0 0.33 0 5401 3
s185-b2878-a0 1300 1350 185 5 7 16 0 30 1300 50 30 9 0.5 0 1 -1 -1 -1 -1 -1 -1 0 1 0 15 0.15 0.04 0 0 1000000 120 5 0 0.33 0 5401 3
s185-b7065-a0 700 750 185 19 28 31 0 30 700 50 30 9 0.5 0 1 -1 -1 -1 -1 -1 -1 0 1 0 15 0.15 0.04 0 0 1000000 120 5 0 0.33 0 5401 3
s185-b6526-a0 1400 1450 185 16 21 22 0 30 1400 50 30 9 0.5 0 1 -1 -1 -1 -1 -1 -1 0 1 0 15 0.15 0.04 0 0 1000000 120 5 0 0.33 0 5401 3
s185-b5585-a4 1100 1150 185 12 17 27 0 30 1100 50 30 9 0.5 0 1 -1 -1 -1 -1 -1 -1 0 1 0 15 0.15 0.04 0 0 1000000 120 5 1 0.33 0 5401 3
s185-b2108-a0 1000 1050 185 3 15 19 0 30 1000 50 30 9 0.5 0 1 -1 -1 -1 -1 -1 -1 0 1 0 15 0.15 0.04 0 0 1000000 120 5 0 0.33 0 5401 3
s185-b6683-a0 1150 1200 185 17 20 22 0 30 1150 50 30 9 0.5 0 1 -1 -1 -1 -1 -1 -1 0 1 0 15 0.15 0.04 0 0 1000000 120 5 0 0.33 0 5401 3
s185-b6177-a0 1000 1050 185 14 25 27 0 30 1000 50 30 9 0.5 0 1 -1 -1 -1 -1 -1 -1 0 1 0 15 0.15 0.04 0 0 1000000 120 5 0 0.33 0 5401 3
s185-b5613-a0 750 800 185 12 19 22 0 30 750 50 30 9 0.5 0 1 -1 -1 -1 -1 -1 -1 0 1 0 15 0.15 0.04 0 0 1000000 120 5 0 0.33 0 5401 3
s185-b7493-a0 1200 1250 185 24 24 33 0 30 1200 50 30 9 0.5 0 1 -1 -1 -1 -1 -1 -1 0 1 0 15 0.15 0.04 0 0 1000000 120 5 0 0.33 0 5401 3
s185-b774-a0 950 1000 185 1 5 19 0 30 950 50 30 9 0.5 0 1 -1 -1 -1 -1 -1 -1 0 1 0 15 0.15 0.04 0 0 1000000 120 5 0 0.33 0 5401 3
s185-b596-a4 850 900 185 0 27 29 0 30 850 50 30 9 0.5 0 1 -1 -1 -1 -1 -1 -1 0 1 0 15 0.15 0.04 0 0 1000000 120 5 1 0.33 0 5401 3
s185-b1894-a0 850 900 185 3 6 21 0 30 850 50 30 9 0.5 0 1 -1 -1 -1 -1 -1 -1 0 1 0 15 0.15 0.04 0 0 1000000 120 5 0 0.33 0 5401 3
s185-b2599-a0 550 600 185 4 14 34 0 30 550 50 30 9 0.5 0 1 -1 -1 -1 -1 -1 -1 0 1 0 15 0.15 0.04 0 0 1000000 120 5 0 0.33 0 5401 3
s185-b632-a0 750 800 185 1 1 3 0 30 750 50 30 9 0.5 0 1 -1 -1 -1 -1 -1 -1 0 1 0 15 0.15 0.04 0 0 1000000 120 5 0 0.33 0 5401 3
s185-b1844-a0 900 950 185 3 4 30 0 30 900 50 30 9 0.5 0 1 -1 -1 -1 -1 -1 -1 0 1 0 15 0.15 0.04 0 0 1000000 120 5 0 0.33 0 5401 3
s185-b5458-a0 1050 1100 185 11 30 33 0 30 1050 50 30 9 0.5 0 1 -1 -1 -1 -1 -1 -1 0 1 0 15 0.15 0.04 0 0 1000000 120 5 0 0.33 0 5401 3
s185-b4809-a0 900 950 185 9 27 27 0 30 900 50 30 9 0.5 0 1 -1 -1 -1 -1 -1 -1 0 1 0 15 0.15 0.04 0 0 1000000 120 5 0 0.33 0 5401 3
s185-b3322-a0 850 900 185 6 7 25 0 30 850 50 30 9 0.5 0 1 -1 -1 -1 -1 -1 -1 0 1 0 15 0.15 0.04 0 0 1000000 120 5 0 0.33 0 5401 3
s185-b6769-a0 1000 1050 185 17 27 31 0 30 1000 50 30 9 0.5 0 1 -1 -1 -1 -1 -1 -1 0 1 0 15 0.15 0.04 0 0 1000000 120 5 0 0.33 0 5401 3
s185-b4462-a0 650 700 185 8 27 31 0 30 650 50 30 9 0.5 0 1 -1 -1 -1 -1 -1 -1 0 1 0 15 0.15 0.04 0 0 1000000 120 5 0 0.33 0 5401 3
s185-b7762-a0 550 600 185 32 32 34 0 30 550 50 30 9 0.5 0 1 -1 -1 -1 -1 -1 -1 0 1 0 15 0.15 0.04 0 0 1000000 120 5 0 0.33 0 5401 3
s185-b1291-a0 1150 1200 185 2 4 5 0 30 1150 50 30 9 0.5 0 1 -1 -1 -1 -1 -1 -1 0 1 0 15 0.15 0.04 0 0 1000000 120 5 0 0.33 0 5401 3
s185-b4504-a0 750 800 185 9 9 19 0 30 750 50 30 9 0.5 0 1 -1 -1 -1 -1 -1 -1 0 1 0 15 0.15 0.04 0 0 1000000 120 5 0 0.33 0 5401 3
s185-b1188-a0 600 650 185 1 26 34 0 30 600 50 30 9 0.5 0 1 -1 -1 -1 -1 -1 -1 0 1 0 15 0.15 0.04 0 0 1000000 120 5 0 0.33 0 5401 3
s185-b6768-a0 1250 1300 185 17 27 30 0 30 1250 50 30 9 0.5 0 1 -1 -1 -1 -1 -1 -1 0 1 0 15 0.15 0.04 0 0 1000000 120 5 0 0.33 0 5401 3
s185-b3632-a0 950 1000 185 6 23 23 0 30 950 50 30 9 0.5 0 1 -1 -1 -1 -1 -1 -1 0 1 0 15 0.15 0.04 0 0 1000000 120 5 0 0.33 0 5401 3
s185-b7254-a0 1050 1100 185 21 24 29 0 30 1050 50 30 9 0.5 0 1 -1 -1 -1 -1 -1 -1 0 1 0 15 0.15 0.04 0 0 1000000 120 5 0 0.33 0 5401 3
s185-b3408-a0 850 900 185 6 10 33 0 30 850 50 30 9 0.5 0 1 -1 -1 -1 -1 -1 -1 0 1 0 15 0.15 0.04 0 0 1000000 120 5 0 0.33 0 5401 3
