0-0 24 27 33 0 175 0.17 12 0 0
0-0 24 27 33 0 175 0.17 12 1 0
0-0 24 27 33 0 175 0.17 12 2 0
0-0 24 27 33 0 175 0.17 12 4 0
0-1 22 27 33 0 175 0.17 12 0 0
0-1 22 27 33 0 175 0.17 12 1 0
0-1 22 27 33 0 175 0.17 12 2 0
0-1 22 27 33 0 175 0.17 12 4 0
0-2 17 27 33 0 175 0.17 12 0 0
0-2 17 27 33 0 175 0.17 12 1 0
0-2 17 27 33 0 175 0.17 12 2 0
0-2 17 27 33 0 175 0.17 12 4 0
0-3 5 24 27 0 175 0.17 12 0 0
0-3 5 24 27 0 175 0.17 12 1 0
0-3 5 24 27 0 175 0.17 12 2 0
0-3 5 24 27 0 175 0.17 12 4 0
0-4 24 24 27 4 175 0.17 12 0 0
0-4 24 24 27 4 175 0.17 12 1 0
0-4 24 24 27 4 175 0.17 12 2 0
0-4 24 24 27 4 175 0.17 12 4 0
0-5 23 27 33 0 175 0.17 12 0 0
0-5 23 27 33 0 175 0.17 12 1 0
0-5 23 27 33 0 175 0.17 12 2 0
0-5 23 27 33 0 175 0.17 12 4 0
0-6 26 30 33 0 175 0.17 12 0 0
0-6 26 30 33 0 175 0.17 12 1 0
0-6 26 30 33 0 175 0.17 12 2 0
0-6 26 30 33 0 175 0.17 12 4 0
0-7 16 24 27 0 175 0.17 12 0 0
0-7 16 24 27 0 175 0.17 12 1 0
0-7 16 24 27 0 175 0.17 12 2 0
0-7 16 24 27 0 175 0.17 12 4 0
5-0 24 27 33 0 175 0.561 39.6 0 0
5-0 24 27 33 0 175 0.561 39.6 1 0
5-0 24 27 33 0 175 0.561 39.6 2 0
5-0 24 27 33 0 175 0.561 39.6 4 0
5-1 22 27 33 0 175 0.561 39.6 0 0
5-1 22 27 33 0 175 0.561 39.6 1 0
5-1 22 27 33 0 175 0.561 39.6 2 0
5-1 22 27 33 0 175 0.561 39.6 4 0
5-2 17 27 33 0 175 0.561 39.6 0 0
5-2 17 27 33 0 175 0.561 39.6 1 0
5-2 17 27 33 0 175 0.561 39.6 2 0
5-2 17 27 33 0 175 0.561 39.6 4 0
5-3 5 24 27 0 175 0.561 39.6 0 0
5-3 5 24 27 0 175 0.561 39.6 1 0
5-3 5 24 27 0 175 0.561 39.6 2 0
5-3 5 24 27 0 175 0.561 39.6 4 0
5-4 24 24 27 4 175 0.561 39.6 0 0
5-4 24 24 27 4 175 0.561 39.6 1 0
5-4 24 24 27 4 175 0.561 39.6 2 0
5-4 24 24 27 4 175 0.561 39.6 4 0
5-5 23 27 33 0 175 0.561 39.6 0 0
5-5 23 27 33 0 175 0.561 39.6 1 0
5-5 23 27 33 0 175 0.561 39.6 2 0
5-5 23 27 33 0 175 0.561 39.6 4 0
5-6 26 30 33 0 175 0.561 39.6 0 0
5-6 26 30 33 0 175 0.561 39.6 1 0
5-6 26 30 33 0 175 0.561 39.6 2 0
5-6 26 30 33 0 175 0.561 39.6 4 0
5-7 16 24 27 0 175 0.561 39.6 0 0
5-7 16 24 27 0 175 0.561 39.6 1 0
5-7 16 24 27 0 175 0.561 39.6 2 0
5-7 16 24 27 0 175 0.561 39.6 4 0
10-0 24 27 33 0 350 0.221 15.6 0 0
10-0 24 27 33 0 350 0.221 15.6 1 0
10-0 24 27 33 0 350 0.221 15.6 2 0
10-0 24 27 33 0 350 0.221 15.6 4 0
10-1 22 27 33 0 350 0.221 15.6 0 0
10-1 22 27 33 0 350 0.221 15.6 1 0
10-1 22 27 33 0 350 0.221 15.6 2 0
10-1 22 27 33 0 350 0.221 15.6 4 0
10-2 17 27 33 0 350 0.221 15.6 0 0
10-2 17 27 33 0 350 0.221 15.6 1 0
10-2 17 27 33 0 350 0.221 15.6 2 0
10-2 17 27 33 0 350 0.221 15.6 4 0
10-3 5 24 27 0 350 0.221 15.6 0 0
10-3 5 24 27 0 350 0.221 15.6 1 0
10-3 5 24 27 0 350 0.221 15.6 2 0
10-3 5 24 27 0 350 0.221 15.6 4 0
10-4 24 24 27 4 350 0.221 15.6 0 0
10-4 24 24 27 4 350 0.221 15.6 1 0
10-4 24 24 27 4 350 0.221 15.6 2 0
10-4 24 24 27 4 350 0.221 15.6 4 0
10-5 23 27 33 0 350 0.221 15.6 0 0
10-5 23 27 33 0 350 0.221 15.6 1 0
10-5 23 27 33 0 350 0.221 15.6 2 0
10-5 23 27 33 0 350 0.221 15.6 4 0
10-6 26 30 33 0 350 0.221 15.6 0 0
10-6 26 30 33 0 350 0.221 15.6 1 0
10-6 26 30 33 0 350 0.221 15.6 2 0
10-6 26 30 33 0 350 0.221 15.6 4 0
10-7 16 24 27 0 350 0.221 15.6 0 0
10-7 16 24 27 0 350 0.221 15.6 1 0
10-7 16 24 27 0 350 0.221 15.6 2 0
10-7 16 24 27 0 350 0.221 15.6 4 0
15-0 24 27 33 0 350 0.7293 51.48 0 0
15-0 24 27 33 0 350 0.7293 51.48 1 0
15-0 24 27 33 0 350 0.7293 51.48 2 0
15-0 24 27 33 0 350 0.7293 51.48 4 0
15-1 22 27 33 0 350 0.7293 51.48 0 0
15-1 22 27 33 0 350 0.7293 51.48 1 0
15-1 22 27 33 0 350 0.7293 51.48 2 0
15-1 22 27 33 0 350 0.7293 51.48 4 0
15-2 17 27 33 0 350 0.7293 51.48 0 0
15-2 17 27 33 0 350 0.7293 51.48 1 0
15-2 17 27 33 0 350 0.7293 51.48 2 0
15-2 17 27 33 0 350 0.7293 51.48 4 0
15-3 5 24 27 0 350 0.7293 51.48 0 0
15-3 5 24 27 0 350 0.7293 51.48 1 0
15-3 5 24 27 0 350 0.7293 51.48 2 0
15-3 5 24 27 0 350 0.7293 51.48 4 0
15-4 24 24 27 4 350 0.7293 51.48 0 0
15-4 24 24 27 4 350 0.7293 51.48 1 0
15-4 24 24 27 4 350 0.7293 51.48 2 0
15-4 24 24 27 4 350 0.7293 51.48 4 0
15-5 23 27 33 0 350 0.7293 51.48 0 0
15-5 23 27 33 0 350 0.7293 51.48 1 0
15-5 23 27 33 0 350 0.7293 51.48 2 0
15-5 23 27 33 0 350 0.7293 51.48 4 0
15-6 26 30 33 0 350 0.7293 51.48 0 0
15-6 26 30 33 0 350 0.7293 51.48 1 0
15-6 26 30 33 0 350 0.7293 51.48 2 0
15-6 26 30 33 0 350 0.7293 51.48 4 0
15-7 16 24 27 0 350 0.7293 51.48 0 0
15-7 16 24 27 0 350 0.7293 51.48 1 0
15-7 16 24 27 0 350 0.7293 51.48 2 0
15-7 16 24 27 0 350 0.7293 51.48 4 0
20-0 24 27 33 0 600 0.272 19.2 0 0
20-0 24 27 33 0 600 0.272 19.2 1 0
20-0 24 27 33 0 600 0.272 19.2 2 0
20-0 24 27 33 0 600 0.272 19.2 4 0
20-1 22 27 33 0 600 0.272 19.2 0 0
20-1 22 27 33 0 600 0.272 19.2 1 0
20-1 22 27 33 0 600 0.272 19.2 2 0
20-1 22 27 33 0 600 0.272 19.2 4 0
20-2 17 27 33 0 600 0.272 19.2 0 0
20-2 17 27 33 0 600 0.272 19.2 1 0
20-2 17 27 33 0 600 0.272 19.2 2 0
20-2 17 27 33 0 600 0.272 19.2 4 0
20-3 5 24 27 0 600 0.272 19.2 0 0
20-3 5 24 27 0 600 0.272 19.2 1 0
20-3 5 24 27 0 600 0.272 19.2 2 0
20-3 5 24 27 0 600 0.272 19.2 4 0
20-4 24 24 27 4 600 0.272 19.2 0 0
20-4 24 24 27 4 600 0.272 19.2 1 0
20-4 24 24 27 4 600 0.272 19.2 2 0
20-4 24 24 27 4 600 0.272 19.2 4 0
20-5 23 27 33 0 600 0.272 19.2 0 0
20-5 23 27 33 0 600 0.272 19.2 1 0
20-5 23 27 33 0 600 0.272 19.2 2 0
20-5 23 27 33 0 600 0.272 19.2 4 0
20-6 26 30 33 0 600 0.272 19.2 0 0
20-6 26 30 33 0 600 0.272 19.2 1 0
20-6 26 30 33 0 600 0.272 19.2 2 0
20-6 26 30 33 0 600 0.272 19.2 4 0
20-7 16 24 27 0 600 0.272 19.2 0 0
20-7 16 24 27 0 600 0.272 19.2 1 0
20-7 16 24 27 0 600 0.272 19.2 2 0
20-7 16 24 27 0 600 0.272 19.2 4 0
25-0 24 27 33 0 600 0.8976 63.36 0 0
25-0 24 27 33 0 600 0.8976 63.36 1 0
25-0 24 27 33 0 600 0.8976 63.36 2 0
25-0 24 27 33 0 600 0.8976 63.36 4 0
25-1 22 27 33 0 600 0.8976 63.36 0 0
25-1 22 27 33 0 600 0.8976 63.36 1 0
25-1 22 27 33 0 600 0.8976 63.36 2 0
25-1 22 27 33 0 600 0.8976 63.36 4 0
25-2 17 27 33 0 600 0.8976 63.36 0 0
25-2 17 27 33 0 600 0.8976 63.36 1 0
25-2 17 27 33 0 600 0.8976 63.36 2 0
25-2 17 27 33 0 600 0.8976 63.36 4 0
25-3 5 24 27 0 600 0.8976 63.36 0 0
25-3 5 24 27 0 600 0.8976 63.36 1 0
25-3 5 24 27 0 600 0.8976 63.36 2 0
25-3 5 24 27 0 600 0.8976 63.36 4 0
25-4 24 24 27 4 600 0.8976 63.36 0 0
25-4 24 24 27 4 600 0.8976 63.36 1 0
25-4 24 24 27 4 600 0.8976 63.36 2 0
25-4 24 24 27 4 600 0.8976 63.36 4 0
25-5 23 27 33 0 600 0.8976 63.36 0 0
25-5 23 27 33 0 600 0.8976 63.36 1 0
25-5 23 27 33 0 600 0.8976 63.36 2 0
25-5 23 27 33 0 600 0.8976 63.36 4 0
25-6 26 30 33 0 600 0.8976 63.36 0 0
25-6 26 30 33 0 600 0.8976 63.36 1 0
25-6 26 30 33 0 600 0.8976 63.36 2 0
25-6 26 30 33 0 600 0.8976 63.36 4 0
25-7 16 24 27 0 600 0.8976 63.36 0 0
25-7 16 24 27 0 600 0.8976 63.36 1 0
25-7 16 24 27 0 600 0.8976 63.36 2 0
25-7 16 24 27 0 600 0.8976 63.36 4 0
