0-original 158 5 9 27 0 30 300 50 30 9 0.5 0 1 -1 -1 -1 -1 -1 -1 0 1 0 15 0.15 0.04 0 0 1000000 120 5 1 0.33 0 5401 3
0-without 158 5 -1 27 0 30 300 50 30 9 0.5 0 1 -1 -1 -1 -1 -1 -1 0 1 0 15 0.15 0.04 0 0 1000000 120 5 1 0.33 0 5401 3
1-original 158 5 9 17 0 30 300 50 30 9 0.5 0 1 -1 -1 -1 -1 -1 -1 0 1 0 15 0.15 0.04 0 0 1000000 120 5 0 0.33 0 5401 3
1-without 158 5 -1 17 0 30 300 50 30 9 0.5 0 1 -1 -1 -1 -1 -1 -1 0 1 0 15 0.15 0.04 0 0 1000000 120 5 0 0.33 0 5401 3
2-original 158 5 9 16 0 30 300 50 30 9 0.5 0 1 -1 -1 -1 -1 -1 -1 0 1 0 15 0.15 0.04 0 0 1000000 120 5 0 0.33 0 5401 3
2-without 158 5 -1 16 0 30 300 50 30 9 0.5 0 1 -1 -1 -1 -1 -1 -1 0 1 0 15 0.15 0.04 0 0 1000000 120 5 0 0.33 0 5401 3
3-original 158 9 17 27 0 30 300 50 30 9 0.5 0 1 -1 -1 -1 -1 -1 -1 0 1 0 15 0.15 0.04 0 0 1000000 120 5 1 0.33 0 5401 3
3-without 158 -1 17 27 0 30 300 50 30 9 0.5 0 1 -1 -1 -1 -1 -1 -1 0 1 0 15 0.15 0.04 0 0 1000000 120 5 1 0.33 0 5401 3
4-original 158 5 9 24 0 30 300 50 30 9 0.5 0 1 -1 -1 -1 -1 -1 -1 0 1 0 15 0.15 0.04 0 0 1000000 120 5 0 0.33 0 5401 3
4-without 158 5 -1 24 0 30 300 50 30 9 0.5 0 1 -1 -1 -1 -1 -1 -1 0 1 0 15 0.15 0.04 0 0 1000000 120 5 0 0.33 0 5401 3
5-original 158 9 16 27 0 30 300 50 30 9 0.5 0 1 -1 -1 -1 -1 -1 -1 0 1 0 15 0.15 0.04 0 0 1000000 120 5 1 0.33 0 5401 3
5-without 158 -1 16 27 0 30 300 50 30 9 0.5 0 1 -1 -1 -1 -1 -1 -1 0 1 0 15 0.15 0.04 0 0 1000000 120 5 1 0.33 0 5401 3
6-original 158 9 24 27 0 30 300 50 30 9 0.5 0 1 -1 -1 -1 -1 -1 -1 0 1 0 15 0.15 0.04 0 0 1000000 120 5 1 0.33 0 5401 3
6-without 158 -1 24 27 0 30 300 50 30 9 0.5 0 1 -1 -1 -1 -1 -1 -1 0 1 0 15 0.15 0.04 0 0 1000000 120 5 1 0.33 0 5401 3
7-original 158 5 9 25 0 30 300 50 30 9 0.5 0 1 -1 -1 -1 -1 -1 -1 0 1 0 15 0.15 0.04 0 0 1000000 120 5 0 0.33 0 5401 3
7-without 158 5 -1 25 0 30 300 50 30 9 0.5 0 1 -1 -1 -1 -1 -1 -1 0 1 0 15 0.15 0.04 0 0 1000000 120 5 0 0.33 0 5401 3
